
apriltag_tranform = {
    1: [
    [-0.5877813224750884, -0.809019849539822, 0.0, -407.2625200735763],
    [0.809019849539822, -0.5877813224750884, 0.0, 516.6606203721354],
    [0.0, 0.0, 1.0, 58.5],
    [0.0, 0.0, 0.0, 1.0],
],
    2: [
    [-0.5877856160804413, 0.8090167300673924, 0.0, -150.80695864717507],
    [-0.8090167300673924, -0.5877856160804413, 0.0, -702.9864992470262],
    [0.0, 0.0, 1.0, 58.5],
    [0.0, 0.0, 0.0, 1.0],
],
    3: [
    [1.0196153102208575e-06, 0.9999999999994802, 0.0, 317.1504640777436],
    [-0.9999999999994802, 1.0196153102208575e-06, 0.0, -455.14967662876774],
    [0.0, 0.0, 1.0, 51.25],
    [0.0, 0.0, 0.0, 1.0],
],
    4: [
    [0.8660252915835662, 0.0, 0.5000001943375613, 353.0424507779026],
    [0.0, 1.0, 0.0, 241.64],
    [-0.5000001943375613, 0.0, 0.8660252915835662, -118.91257102902189],
    [0.0, 0.0, 0.0, 1.0],
],
    5: [
    [0.8660252915835662, 0.0, 0.5000001943375613, 353.0424507779026],
    [0.0, 1.0, 0.0, 75.39],
    [-0.5000001943375613, 0.0, 0.8660252915835662, -118.91257102902189],
    [0.0, 0.0, 0.0, 1.0],
],
    6: [
    [0.5000019433744796, 0.8660242817737525, 0.0, 377.976411699217],
    [-0.8660242817737525, 0.5000019433744796, 0.0, -394.33196826910194],
    [0.0, 0.0, 1.0, 12.13],
    [0.0, 0.0, 0.0, 1.0],
],
    7: [
    [1.0, 0.0, 0.0, 546.87],
    [0.0, 1.0, 0.0, 158.5],
    [0.0, 0.0, 1.0, 12.13],
    [0.0, 0.0, 0.0, 1.0],
],
    8: [
    [0.4999978792725457, -0.8660266281835431, 0.0, 103.4441200317614],
    [0.8660266281835431, 0.4999978792725457, 0.0, 552.8330697695776],
    [0.0, 0.0, 1.0, 12.13],
    [0.0, 0.0, 0.0, 1.0],
],
    9: [
    [-0.5000042414459136, -0.8660229549706501, 0.0, -410.6861799416989],
    [0.8660229549706501, -0.5000042414459136, 0.0, 337.66445386640044],
    [0.0, 0.0, 1.0, 12.13],
    [0.0, 0.0, 0.0, 1.0],
],
    10: [
    [-0.9999999999964793, -2.65358979335273e-06, 0.0, -481.3904205922874],
    [2.65358979335273e-06, -0.9999999999964793, 0.0, -158.49872258785135],
    [0.0, 0.0, 1.0, 12.13],
    [0.0, 0.0, 0.0, 1.0],
],
    11: [
    [-0.5000001773502064, 0.866025301391225, 0.0, -136.1545747975165],
    [-0.866025301391225, -0.5000001773502064, 0.0, -496.16643735918643],
    [0.0, 0.0, 1.0, 12.13],
    [0.0, 0.0, 0.0, 1.0],
],
    12: [
    [0.5877834692798342, -0.8090182898064556, 0.0, -1.1760478214393153],
    [0.8090182898064556, 0.5877834692798342, 0.0, 42.27501639883405],
    [0.0, 0.0, 1.0, 58.5],
    [0.0, 0.0, 0.0, 1.0],
],
    13: [
    [0.5877872658509069, 0.8090155314352842, 0.0, 255.28207403261862],
    [-0.8090155314352842, 0.5877872658509069, 0.0, 144.0535413573877],
    [0.0, 0.0, 1.0, 58.5],
    [0.0, 0.0, 0.0, 1.0],
],
    14: [
    [-0.8660252915805172, -2.65358979335273e-06, -0.5000001943358009, -318.8177724668353],
    [2.2980758745314734e-06, -0.9999999999964793, 1.3267954123685341e-06, -241.6391539892638],
    [-0.5000001943375613, 0.0, 0.8660252915835662, -99.15256334880148],
    [0.0, 0.0, 0.0, 1.0],
],
    15: [
    [-0.8660252915805172, -2.65358979335273e-06, -0.5000001943358009, -318.81693119926314],
    [2.2980758745314734e-06, -0.9999999999964793, 1.3267954123685341e-06, 75.39084600962002],
    [-0.5000001943375613, 0.0, 0.8660252915835662, -99.15256334880148],
    [0.0, 0.0, 0.0, 1.0],
],
    16: [
    [-3.673205103346574e-06, -0.9999999999932537, 0.0, 0.14913411535997617],
    [0.9999999999932537, -3.673205103346574e-06, 0.0, 235.73000054939044],
    [0.0, 0.0, 1.0, 51.25],
    [0.0, 0.0, 0.0, 1.0],
],
    17: [
    [-0.5000001773502064, 0.866025301391225, 0.0, 32.53548503689615],
    [-0.866025301391225, -0.5000001773502064, 0.0, -203.98682117581492],
    [0.0, 0.0, 1.0, 12.13],
    [0.0, 0.0, 0.0, 1.0],
],
    18: [
    [-0.9999999999964793, -2.65358979335273e-06, 0.0, -144.00042059347527],
    [2.65358979335273e-06, -0.9999999999964793, 0.0, -158.49961788251173],
    [0.0, 0.0, 1.0, 12.13],
    [0.0, 0.0, 0.0, 1.0],
],
    19: [
    [-0.5000042414459136, -0.8660229549706501, 0.0, -241.99474896267662],
    [0.8660229549706501, -0.5000042414459136, 0.0, 45.4856293184025],
    [0.0, 0.0, 1.0, 12.13],
    [0.0, 0.0, 0.0, 1.0],
],
    20: [
    [0.4999978792725457, -0.8660266281835431, 0.0, -65.2501644560028],
    [0.8660266281835431, 0.4999978792725457, 0.0, 260.64434568673187],
    [0.0, 0.0, 1.0, 12.13],
    [0.0, 0.0, 0.0, 1.0],
],
    21: [
    [1.0, 0.0, 0.0, 209.49],
    [0.0, 1.0, 0.0, 158.5],
    [0.0, 0.0, 1.0, 12.13],
    [0.0, 0.0, 0.0, 1.0],
],
    22: [
    [0.5000019433744796, 0.8660242817737525, 0.0, 209.28075602410135],
    [-0.8660242817737525, 0.5000019433744796, 0.0, -102.1440358414556],
    [0.0, 0.0, 1.0, 12.13],
    [0.0, 0.0, 0.0, 1.0],
],
}

